0.000000 -458.652400 -76.800000 342313155104155661355036553153221214460061533156363202510164205654626566644431140444541111104506120000233156625202232145450613525424413053131005020234254655023350122661541625415426130646551464660626335601164222444656255660532350303162243430402 
10.000000 -68.368000 2.200000 621542416446166651312343242565031363112651140216544602422435512142126034552306233660014200623244462444561634120402643360561631116424313053131005040234254425063636453410226454325212252134226524246642650402224222444656655660532350302401453355645 
20.000000 -17.056800 4.800000 366153155104564225646444504141540604153041121111106053510166453330120023050663412435515415146003611653401443640432145520401636116424616053131005020234253263521636455420226454325212212134413330531242650450222421656445353652021566353406106116222 
30.000000 -4.018800 6.000000 411042410303465462551265124032522104464640243456363254510161453320120011150663412435115010446003615453411413643432246320411616516645150154305026106263353163121636455410226454325252212134413366122453462454444615555306652052424106533265316341160 
40.000000 -11.383600 7.400000 651042416663063154342266063324215025662133203135163202510164453620120001360663412435115010641003500453462514426402643321462616116645150156345026106233353533621606415410256454325252212134413346122455462454424615555356612654620106533265306342050 
50.000000 -1.532400 8.000000 064463454165056154346566063014202025662133203456363202330361454345124021360663401435116110623244222644412413653132246320211216516645110156304005105263303223521636356410226454325252212134013314122453452454444615550313612063624603504161604401322 
60.000000 -1.341600 10.200000 224463454165056634342566063114202025662134203456301202500161453640320021250663412405415310026003010453411113641442246320462016112642131556306026106213553133525446251420226454325252012134513214122453452454444665553306612063624603504161201464322 
70.000000 2.310400 11.400000 651411416364164465551516062314235163666333203115106212610160463300120101350652441455010115246033655455411413641042246330054656666245163456355253105563303223525636356410256254320252212104013366120453456454455613652336612514125546355102604401360 
80.000000 3.647600 16.800000 651411416200163461633664114326205165664241241455106212210160463330120101350652426436010115226033653455411413441112346330604656666243162436355253105563343253525636356460256254220252212104011356120453256454455613652335614063624613504161504401342 
90.000000 7.717200 19.200000 651411446250164465631351124014235401263241243055121202330161254125156621336533033435414115346001655455411414651042242650653654615642133456455253105563303253525634455410251254220252212104011356120423256454456613555556632512125613504161604401342 
100.000000 1.816000 21.000000 364464454125352154553254164014235401263241243455106202630131154125156321336533033435414115356500655452431413643032246332634646656243163456415356105563313653125636351410256254220252622104011356120423256454456613632335614063624613513141204461332 
110.000000 1.228800 25.800000 651463452125352154553654164254205161663131044456106102330111433345602661301501426435011126256056655445461416643032265330663256366245163456500035105563343503325646256261256254220252212104011356120423256454466611652330610063624613514163304401142 
120.000000 5.310400 31.800000 421363054225316654553254124354205165665644042435100242332161463300116601353632416435440015026035251405211425141452226332054646666623163230500225105263343253125636251410255254220252112204011350120423256453256613252232664013624613404161304100342 
130.000000 6.372800 32.800000 324453452325352154553244163154255061663105000453106202354110463300320106352652426435465161226036615424421416643024026345154654536244163453500425305243343203322646155260256254220252312204011350120423256453256633222232614013334613504361304101325 
140.000000 6.832000 33.600000 364351452625352151553244163154253041613100640453106202355160403300320101340252426435465101226034615424421416643032266630663656666240163453500625305243343203622646155263256254220252312114611350120423256413256613252365614016624014504161304401322 
150.000000 5.558400 38.800000 364351452625352150353036365264255061663104460453106655536010533306320141352656416436440015026031665405361016131462026630665656666243103306060465145563240603535636155260256254220252352224611350120423254403256613252035616013624632004101314511112 
160.000000 15.944800 38.800000 354351452625354151553244153154353046653105000455356201654120460200120031350252412405240045026031665005361416151462626632665656666243163453541020146564240600335046155260256254220252352224611350120423254403256334222232654063664646004131314411122 
170.000000 5.022400 46.200000 354351451222354051253244453154221146653105000055456605550150533360320302140252126434465401256324645455361016131461024630665656636222160433510024142063410303635546155260256253221252312314111355120423254203251334222262654063664646104131314411522 
180.000000 12.190400 46.200000 354351451222353051553244153154353046653101000413056655530104603000320352140152126434445103226031642455361516131461024630665656636222662453502023145145440603325656155263256253224250312314211355122423256413252630252036614063626032044131304401321 
190.000000 12.402000 58.200000 354356421222353051553204653154354046653101600455336650530504603005325302140152136432360465242334645405361016631461424330615455636220160433415444142063410303435546255260256253241242342223614156123421256413252630252032614663664646334154413420522 
200.000000 11.964000 69.600000 354351401252223051553545353154351046613065443655033653530104403300403135552156356432240611046035645125301104661402626632664656662440160333510024142064010603435346255200256251220256352625363150120223251613252630252032614023624646335134413452622 
210.000000 36.600000 104.200000 354351056225350051513545156154351046656165442216456606150655533366304105140152126436340651256644620451301104661402626632665651636222163433510024142064010603435346255200256251220256352625360150120253251414256636062230614253634002604133334461602 
220.000000 35.477600 114.600000 355352056252351001513244163154351046656165002435456605530650533366144605410656426401360401226344622355361416211403026632661656666522256433513024145364012603433346255200254255220251356624335150120253251514256634062230431061663002604133334462612 
230.000000 40.518800 139.200000 354351056022350051553545153154351046056165422654436605520655034366103403320653126436340051256644620353361416211402606612665651536562163413510024244064011603415116255200254255220251356624335150120253253413252630450022630061663002605233364311222 
240.000000 75.104400 143.000000 353351051022350051543545053154351066656165452516656605553650533360104105410656426401360654106664620451331104662401066630665665633562163433450614645360012603430346255200254255220251356624335150120253250453252134065230614061663052404133334311222 
250.000000 68.731600 169.400000 354351056022350053553645253155351066656165452516656605553650523360004403540053426416300651256324120241301102666402606652665650636662103413410424143304012623442316255400254255222250350224365150420253250453255434022230616023114442604136032411212 
260.000000 70.132000 170.200000 353350056052350053053614553154351056656165452116656605530652533361104105410656420401602653255331620441001104661402606652665656636502502413510024143304012623342366254100254655260251352554365155420253250444252644422230634263430000530166332611222 
270.000000 75.280400 186.600000 354356056120350003553643053154351062656155252516456602530652533361114101410666450401606653456326620241353404661662656652665656636502502413510024143364046123444116254100254655460251352624113150162253251455252434022230640146163033544133434431222 
280.000000 76.873600 186.600000 353351056322350052561542053154353056656165662116446105554450525360504105020656526401332653055336250243353404661662656052065651636262100413510024244302411214062366254100254655220251352554365155420253250454252444403656504062663632344243332462012 
290.000000 76.184000 186.600000 353351056322350052561541053156351156656165262116446002530652533360004104510023126316300651666351120241001104661402646562065253636502600413110024243364016623544116254160254655230251652324653150162253650455251434402336504662663032344243302424013 
300.000000 75.606800 186.600000 356356054322350052566042033154352006656125004116446001530132535360004104550023146116300652666355120441104204661462650350665656636562414413410064150303052523642166251301254654520251352654363150160253250414256644633616501062663612344343332062012 
